198638
375994
100750
472113
354738
701595
348390
625316
96951
437210
413724
457382
336458
493306
200105
699790
477731
228414
411362
140413
654730
577910
183711
70357
395687
290445
123348
359208
484916
543921
103572
540478
114067
225588
667123
42095
187745
51318
449660
313829
421781
179606
632599
25215
565055
457487
709674
49527
357787
85859
528773
49944
33548
668944
305246
596790
119070
285267
239438
486110
2618
345166
579063
523191
111709
365772
406973
167894
625135
43383
652131
219669
299559
297413
514244
611004
30107
521584
359511
638451
585143
587387
226184
411745
516052
693258
611027
510632
128144
553213
193007
310503
119863
266153
707272
652025
646260
485622
707130
303798
10142
348427
564671
361946
685295
660294
360882
529159
154581
586982
48745
579985
142768
166213
161333
478179
696096
53419
34174
634530
175366
657533
464154
524569
65812
558010
37942
681796
80573
571675
704322
677735
578703
386723
95336
227019
623149
220834
105007
70604
391525
654283
642494
107018
659208
347116
105268
302272
23285
632168
472301
309307
693386
99386
636651
309559
493244
318945
607682
507656
18379
309442
687052
353983
209342
186696
568206
678181
591902
69821
261565
118715
272162
502124
313861
9646
263851
61246
284295
173465
479125
409457
535721
577143
220322
16385
356086
558479
640675
322758
88299
416860
227303
247961
28478
638422
662812
116176
214050
196651
28728
374353
407884
477282
244540
119011
132368
622815
223125
106409
380580
101289
213110
232174
348799
308594
49574
302173
20542
213109
684949
685543
78803
62410
53183
606292
566076
42807
486449
659514
93337
94213
702592
149145
264682
304632
173419
664940
44728
709194
144575
224568
186850
500913
512821
318240
26931
486585
290836
181327
470159
298465
516620
697466
525473
143593
175025
583853
478142
138280
611975
33795
455151
470756
437603
649921
347996
575602
336615
537175
470195
396894
80725
657616
309398
291340
183498
564494
350143
203505
225998
126476
174529
113398
296373
266221
150099
350222
575315
159582
529656
711350
418610
326080
346638
571295
420672
190065
67355
371136
609255
424572
446854
710300
184619
227017
116236
411833
493791
161840
418762
294135
372190
125683
6975
147818
324388
503373
124551
636415
517601
444262
604291
712759
203059
441502
297654
333770
514538
341199
113870
207066
76213
164066
584738
123596
277413
128808
313973
381650
402705
701734
661055
381922
438336
709485
114114
665624
186387
265591
22062
627418
274074
72624
125018
454316
240178
259355
584947
341883
708437
30381
548709
554720
611780
428664
52022
631140
12860
668275
18248
581664
187379
683368
222114
570538
89902
401898
169351
200690
423144
537069
193190
301247
20149
31293
72532
163405
153847
193359
225768
363544
546872
465662
542406
329589
531870
510136
377862
409680
300885
354895
263333
123334
597310
434073
305753
784
227759
586391
380641
148
245941
100362
389225
107881
261318
275683
573938
693002
597905
590090
612217
170774
333841
578310
279045
102946
558754
258912
279934
280078
149516
310541
251137
708286
202222
453398
51103
243053
452300
154943
462100
363581
144020
133050
654787
668086
89055
379697
491983
521871
365361
540932
458437
148267
649153
156943
430899
30414
468698
19544
442694
442739
517959
70463
405484
289989
138435
335554
46159
215653
452467
373965
58235
372263
239265
149187
654872
195032
474488
442244
711092
592419
537729
423691
536002
296687
534297
556226
355486
680034
688792
134108
174380
651432
709048
213982
299414
664325
183623
158021
289654
674558
411560
398711
525437
693565
217058
93309
42046
375096
711744
447038
440126
531398
667760
405725
558625
381204
633189
12230
601500
485391
700003
690061
21799
555688
249350
84307
211373
692141
637932
229575
85094
443165
699655
51637
19456
406925
330307
568990
484669
102813
72250
96270
617339
62723
692492
248718
665927
585858
663059
577691
313507
507233
468222
588263
362232
639914
55643
169549
469912
143586
212322
222610
579669
135566
338330
136453
193008
651660
339822
577609
120451
83804
231779
566898
355624
696547
32278
637420
90100
696082
249787
713374
625431
713259
64346
335792
198875
21283
140618
101178
376301
279753
669065
307894
526114
208734
690011
565484
190847
652283
283068
194977
121474
177101
379426
226377
22761
563165
223828
482235
687878
611794
36477
692479
440388
63023
132643
193663
41520
364845
273164
143333
183269
661750
416757
53237
159784
463638
499704
542222
325819
227704
376305
286372
522544
189817
393011
703369
364114
326749
151505
608823
150733
173166
465688
421417
127512
436244
478220
43718
502280
96654
46151
621750
12753
192016
597839
565291
528605
672849
390068
376732
220814
576812
366922
123258
202961
259895
237701
205194
293648
287937
288233
433271
715389
178078
683472
46452
456675
553793
389384
631812
375232
682153
110905
50986
159565
556167
550921
379659
666860
50037
30848
109754
497771
43214
301125
558595
456652
678494
650359
225009
211901
222129
62455
630272
139373
583535
85293
29665
585910
173137
406871
322174
310707
164963
427828
569725
315889
78182
623321
91943
658934
523100
137126
28740
121136
45100
665359
253936
430360
104263
46200
116404
581444
13267
404106
240393
597245
480292
319481
147196
251067
486952
501199
455051
561584
106298
178244
159648
209697
621979
550607
673483
183993
429739
254430
704098
278422
220209
629283
654
519186
509904
715040
61861
591857
611986
556151
336679
43064
579990
613566
345581
368373
62100
263286
609470
347579
218808
343961
318789
692727
417467
409068
102683
601265
263745
201125
211043
156444
714579
436118
77813
406860
316652
161873
122613
476708
621708
496444
135964
397742
92482
364446
11187
654524
320291
470605
108293
546410
307830
417648
57413
25394
415623
443476
530240
490954
443126
250864
524219
234099
435103
242503
676270
578142
159933
497445
579085
220460
568850
150706
175615
446347
208668
99145
336440
63564
286039
494530
141251
236756
363874
415640
661381
368436
207978
184485
558668
343366
426598
651692
655006
342921
17426
335209
264024
708736
241272
72165
201970
9077
254481
200744
431757
617757
579284
151204
682290
166877
389875
127847
545495
579955
484649
516055
15583
273147
310758
76093
78393
199799
118408
562682
705341
80895
379072
66204
394082
542345
652264
300498
215019
545468
34682
293969
269457
9710
557018
572554
6886
674798
80163
406378
486529
403452
440506
428385
339346
651874
302949
487632
281579
47428
26082
707532
421719
68772
115816
631919
88142
154374
273303
260674
258097
492337
180769
646379
36490
418422
276636
638306
319130
383568
403275
18026
514922
306922
540099
449301
659185
330891
492405
119807
119258
26478
90177
55887
515162
273645
477720
509941
345743
351321
297438
161971
112405
46367
500452
16915
394121
401256
461379
317694
575664
426000
443225
309771
699611
236798
659155
621598
557307
617286
673917
258690
612386
655671
586512
15218
695793
570398
152815
242643
379300
260871
678482
33885
352890
331410
22326
33414
17692
693304
263590
