273535
429248
229158
76083
624308
23113
464376
465011
505236
650497
196744
209804
672724
351315
636176
663282
364131
612958
353758
276134
480574
312487
5191
473237
673928
59605
699154
12433
117136
213005
659728
46515
117746
53121
686374
496719
312583
105681
229401
384915
535161
597035
374602
8542
626258
109340
47359
690694
327562
464013
432214
667166
249692
458050
632470
156795
67962
217738
442938
58900
74273
213338
479382
172874
427958
481360
500061
559711
502685
118254
668984
355871
600595
663848
661956
338409
389140
606291
390307
63179
354531
352458
670686
675564
396310
318197
476288
690888
287089
600994
356629
286499
53508
217528
387477
385269
331025
575186
254446
567849
603493
96086
342616
464826
634431
631811
542778
117751
308386
630191
405624
428631
459409
193815
49839
295989
697458
336750
501358
532306
590822
281395
247953
375937
302382
429712
662337
564864
75904
22894
468771
541118
443792
227026
661949
200556
30987
8458
416223
564102
646744
647200
637384
275624
426041
488677
54960
420668
196115
375112
81356
13352
493680
466927
572572
363034
156319
587672
44656
424756
144378
162881
108010
5761
445182
115805
540500
51289
143691
514315
367565
567954
468035
206067
416760
82233
409511
238356
465766
102454
451363
698016
334939
247123
112067
635067
16867
533249
561201
695796
397605
584762
427883
346134
622928
153026
190780
340367
691427
407636
452842
276479
430332
539638
463570
442600
149923
686997
389155
603702
701271
500265
670749
3823
166224
116834
317257
437622
502308
120874
357534
103017
9656
70714
524000
16477
13656
345553
400199
550369
550468
148272
325807
497761
589572
486890
450338
434716
433672
655478
424019
235246
22796
281841
374065
61743
441760
89498
172990
557542
62171
240641
578772
151158
78317
463905
636963
396973
134003
484655
506842
690523
464345
638332
55717
638056
109864
2707
65114
529436
492831
691488
200518
456614
615928
362104
368394
529172
437995
231010
478439
181277
222444
310114
700331
42090
303156
316705
224326
402342
436512
367563
472279
220333
690460
417222
498379
288600
254551
119014
147640
47026
351136
40982
41288
325856
328225
223618
9921
456416
288569
372070
35833
642372
546616
179570
86208
339574
340332
196360
511560
20361
505534
451084
375364
8272
413918
607795
455138
263109
318769
207157
532303
45574
626370
6664
327021
306152
508121
59464
199365
677585
503917
434822
289858
485116
323467
657115
187711
554587
89340
316981
205296
203270
40344
266789
478249
410777
654649
679137
244343
464701
225338
238492
240958
578331
230768
272823
654158
374523
614909
205452
128723
323230
577958
363681
669024
182493
237882
248417
367594
506847
369199
202995
330537
77016
451979
193825
686451
255080
83163
296022
285170
51852
508507
646631
423723
362761
391311
79000
552013
189408
662220
56935
2088
627387
612498
594290
24755
164320
667863
494962
84389
272734
208991
418596
353783
387555
524570
271606
508946
181157
218787
321239
152698
172944
631475
30615
308928
557230
589148
364863
20355
560814
37059
111042
638566
94019
339953
669964
631506
569860
58243
425289
424905
683327
126367
639438
86861
369331
311609
81441
152121
373891
53342
624612
599235
551028
680852
94963
594246
566588
529828
352240
551185
321943
537846
330730
292412
129244
521171
492264
675843
574413
43025
103045
636487
482005
18859
630761
190101
169875
367605
603024
413011
81698
672581
630509
109626
247897
256835
348468
468750
100271
303112
634043
342092
58852
191199
148338
605464
500175
483736
104559
197527
267282
17616
189679
391311
126601
193969
626255
486788
393739
175330
203298
319200
382046
696820
689668
613644
405953
145644
332432
691433
41792
589900
581488
90782
84682
449029
43438
207714
343516
377143
197502
116651
703796
440429
335490
255955
426567
49322
601290
76830
333848
456098
294454
239623
420799
318545
176059
526300
644007
456323
675516
686387
111261
312615
646432
574032
505189
96262
542138
183172
20843
488292
242035
315208
580834
563735
565989
469461
37453
255995
180478
321470
294224
513235
250323
614400
200777
282655
272320
35920
583389
453264
97470
264216
40336
278345
228066
340940
272790
639872
210401
505601
649871
149659
429954
591581
204064
316166
31159
176768
268142
55018
248598
170623
144533
665931
51396
218857
94943
490107
310563
568289
441356
135429
514637
484388
498677
477216
206859
232609
231286
111333
299943
190297
552935
418848
71037
237179
153229
566305
622617
310457
459930
402283
169650
11446
160388
521220
570741
520021
537787
298116
641044
48269
41702
292793
673043
454387
633440
654972
245066
40018
600807
472666
674683
227354
565920
103278
355658
131581
484101
188911
584883
346099
686409
642894
570536
454022
118162
530182
366409
110667
100953
152788
349139
579895
245422
696225
428644
442035
39458
429472
673245
540442
484432
263543
88602
290992
576923
175615
561689
126959
269442
319749
351508
642906
679709
211106
702606
639607
351996
353456
604429
566092
183306
669827
496306
654334
388522
5238
147366
111220
599642
206668
337748
263222
73322
224665
332551
584448
242806
464324
467021
378906
474433
569647
675239
1327
138447
90138
9673
475164
179347
511627
137599
79095
692131
379728
131881
20827
45417
337955
24822
392071
411715
95514
200384
297463
112706
454093
419137
329967
357059
505394
629787
130355
506505
111457
17434
92771
4551
3994
206609
672165
703861
120789
371253
306675
309389
536171
697500
106378
700042
616285
433754
229280
100901
581432
616583
273651
355718
439973
142736
119795
696036
229502
281918
85113
435072
469258
59905
184226
163127
308519
385982
627419
446223
563847
155175
618380
687742
495409
682343
681697
675894
47404
33885
10846
287600
275854
677829
662765
403742
98634
234818
72387
625752
398050
666197
324050
534370
99762
601576
278004
253213
365287
37217
54252
557763
255302
309982
548416
503919
168933
327157
702964
39254
580473
151958
290105
36930
508001
528526
451054
259595
701139
253020
105120
461847
56403
31895
124280
703138
699226
311689
347374
641758
280443
41640
198831
54946
105359
38700
231300
239928
91019
141968
410296
620528
588164
324626
479012
35075
304700
445299
320810
1397
245957
324286
696273
245915
414129
411029
168285
644112
401393
476695
182050
689368
556943
80710
587534
14017
475917
481612
458238
697183
381181
342073
293104
357737
149893
31353
146410
326563
392069
109977
425669
404225
389642
7688
242449
18726
197346
501409
383118
155600
642771
72309
320089
543970
157979
554908
381063
203850
80106
661141
482268
434160
120999
412243
344260
629265
87467
320059
503341
158726
121701
558402
444734
476316
614446
464280
268149
671782
211934
243883
238418
13
659571
203616
501048
54638
37310
173440
381532
214936
22543
600488
702184
665741
262567
109505
329887
689893
629838
182081
198065
426749
693828
93418
473171
432638
151943
25325
508131
449060
138781
166281
475933
303375
483761
131022
265614
409493
120493
606790
297523
46285
88681
529646
217519
578849
622413
655456
